1.000000000000000000e+00 0.000000000000000000e+00 9.761929864196495998e+00 -1.832674275722169455e+00 1.000000000000000000e+00
1.000000000000000000e+00 5.000000000000000000e-01 4.208018414837440879e+00 -1.832674275722169455e+00 1.000000000000000000e+00
1.000000000000000000e+00 2.000000000000000000e+00 3.328019087545949217e-01 -1.832674275722169455e+00 1.000000000000000000e+00
1.000000000000000000e+00 4.000000000000000000e+00 1.302793212360281623e-02 -1.832674275722169455e+00 1.000000000000000000e+00
2.000000000000000000e+00 0.000000000000000000e+00 2.512400888799280807e+01 -2.183749925081428955e+00 1.000000000000000000e+00
2.000000000000000000e+00 5.000000000000000000e-01 9.350282503115206367e+00 -2.183749925081428955e+00 1.000000000000000000e+00
2.000000000000000000e+00 2.000000000000000000e+00 4.210774620262066614e-01 -2.183749925081428955e+00 1.000000000000000000e+00
2.000000000000000000e+00 4.000000000000000000e+00 8.028254455449924595e-03 -2.183749925081428955e+00 1.000000000000000000e+00
3.000000000000000000e+00 0.000000000000000000e+00 3.417165739929401536e+00 7.469031765337845741e+00 1.000000000000000000e+00
3.000000000000000000e+00 5.000000000000000000e-01 1.165560121162484641e+00 7.469031765337845741e+00 1.000000000000000000e+00
3.000000000000000000e+00 2.000000000000000000e+00 4.686180137692712300e-02 7.469031765337845741e+00 1.000000000000000000e+00
3.000000000000000000e+00 4.000000000000000000e+00 7.061484479088748958e-04 7.469031765337845741e+00 1.000000000000000000e+00
4.000000000000000000e+00 0.000000000000000000e+00 2.300521061168659287e+00 8.199863174966864676e+00 1.000000000000000000e+00
4.000000000000000000e+00 5.000000000000000000e-01 1.177032696757717378e+00 8.199863174966864676e+00 1.000000000000000000e+00
4.000000000000000000e+00 2.000000000000000000e+00 1.695339964287244094e-01 8.199863174966864676e+00 1.000000000000000000e+00
4.000000000000000000e+00 4.000000000000000000e+00 1.257078139766418419e-02 8.199863174966864676e+00 1.000000000000000000e+00
5.000000000000000000e+00 0.000000000000000000e+00 2.536977503314316351e+01 -2.573879002470377486e+00 1.000000000000000000e+00
5.000000000000000000e+00 5.000000000000000000e-01 1.486793727127880693e+01 -2.573879002470377486e+00 1.000000000000000000e+00
5.000000000000000000e+00 2.000000000000000000e+00 3.197145269841205728e+00 -2.573879002470377486e+00 1.000000000000000000e+00
5.000000000000000000e+00 4.000000000000000000e+00 4.426784971174579364e-01 -2.573879002470377486e+00 1.000000000000000000e+00
6.000000000000000000e+00 0.000000000000000000e+00 8.053397832241051546e+00 -1.242714018878217530e+00 1.000000000000000000e+00
6.000000000000000000e+00 5.000000000000000000e-01 3.015564152336059234e+00 -1.242714018878217530e+00 1.000000000000000000e+00
6.000000000000000000e+00 2.000000000000000000e+00 1.761569182646369747e-01 -1.242714018878217530e+00 1.000000000000000000e+00
6.000000000000000000e+00 4.000000000000000000e+00 3.908367822644740787e-03 -1.242714018878217530e+00 1.000000000000000000e+00
7.000000000000000000e+00 0.000000000000000000e+00 1.760781585568422614e+01 -2.999087475727350238e+00 1.000000000000000000e+00
7.000000000000000000e+00 5.000000000000000000e-01 7.500940306220612364e+00 -2.999087475727350238e+00 1.000000000000000000e+00
7.000000000000000000e+00 2.000000000000000000e+00 5.694091425488990721e-01 -2.999087475727350238e+00 1.000000000000000000e+00
7.000000000000000000e+00 4.000000000000000000e+00 1.806041103431320696e-02 -2.999087475727350238e+00 1.000000000000000000e+00
8.000000000000000000e+00 0.000000000000000000e+00 2.968887884583241288e+01 -1.209894077395532008e+00 1.000000000000000000e+00
8.000000000000000000e+00 5.000000000000000000e-01 1.293960861532803541e+01 -1.209894077395532008e+00 1.000000000000000000e+00
8.000000000000000000e+00 2.000000000000000000e+00 1.347244702275051553e+00 -1.209894077395532008e+00 1.000000000000000000e+00
8.000000000000000000e+00 4.000000000000000000e+00 5.921360554546323263e-02 -1.209894077395532008e+00 1.000000000000000000e+00
9.000000000000000000e+00 0.000000000000000000e+00 9.778295280552914193e+00 -3.755137405056451883e+00 0.000000000000000000e+00
9.000000000000000000e+00 5.000000000000000000e-01 7.540983299313098520e+00 -3.755137405056451883e+00 0.000000000000000000e+00
9.000000000000000000e+00 2.000000000000000000e+00 2.946607111347711694e+00 -3.755137405056451883e+00 0.000000000000000000e+00
9.000000000000000000e+00 4.000000000000000000e+00 9.231231944178587279e-01 -3.755137405056451883e+00 0.000000000000000000e+00
1.000000000000000000e+01 0.000000000000000000e+00 4.910829133405039926e+01 -6.632423003770860248e+00 0.000000000000000000e+00
1.000000000000000000e+01 5.000000000000000000e-01 3.574277824465193021e+01 -6.632423003770860248e+00 0.000000000000000000e+00
1.000000000000000000e+01 2.000000000000000000e+00 1.268645134683067255e+01 -6.632423003770860248e+00 0.000000000000000000e+00
1.000000000000000000e+01 4.000000000000000000e+00 3.483467774780243609e+00 -6.632423003770860248e+00 0.000000000000000000e+00
1.100000000000000000e+01 0.000000000000000000e+00 6.464153925438697712e+00 7.332342727167990404e+00 0.000000000000000000e+00
1.100000000000000000e+01 5.000000000000000000e-01 4.046207879741246849e+00 7.332342727167990404e+00 0.000000000000000000e+00
1.100000000000000000e+01 2.000000000000000000e+00 1.143429156929340662e+00 7.332342727167990404e+00 0.000000000000000000e+00
1.100000000000000000e+01 4.000000000000000000e+00 2.143028652186026450e-01 7.332342727167990404e+00 0.000000000000000000e+00
1.200000000000000000e+01 0.000000000000000000e+00 9.125419325547873939e+00 7.133521697519427107e-01 0.000000000000000000e+00
1.200000000000000000e+01 5.000000000000000000e-01 6.040355421390917634e+00 7.133521697519427107e-01 0.000000000000000000e+00
1.200000000000000000e+01 2.000000000000000000e+00 1.619209049313596882e+00 7.133521697519427107e-01 0.000000000000000000e+00
1.200000000000000000e+01 4.000000000000000000e+00 2.701466584243541469e-01 7.133521697519427107e-01 0.000000000000000000e+00
1.300000000000000000e+01 0.000000000000000000e+00 8.438137850802334583e+00 9.232465510607283932e-01 1.000000000000000000e+00
1.300000000000000000e+01 5.000000000000000000e-01 2.932389001562767827e+00 9.232465510607283932e-01 1.000000000000000000e+00
1.300000000000000000e+01 2.000000000000000000e+00 1.109694815940539259e-01 9.232465510607283932e-01 1.000000000000000000e+00
1.300000000000000000e+01 4.000000000000000000e+00 1.327802758831290227e-03 9.232465510607283932e-01 1.000000000000000000e+00
1.400000000000000000e+01 0.000000000000000000e+00 1.857273371187010724e+01 -1.606317991609593321e+00 1.000000000000000000e+00
1.400000000000000000e+01 5.000000000000000000e-01 4.882549904855538969e+00 -1.606317991609593321e+00 1.000000000000000000e+00
1.400000000000000000e+01 2.000000000000000000e+00 1.019489348582686972e-01 -1.606317991609593321e+00 1.000000000000000000e+00
1.400000000000000000e+01 4.000000000000000000e+00 5.086319908282345122e-04 -1.606317991609593321e+00 1.000000000000000000e+00
1.500000000000000000e+01 0.000000000000000000e+00 6.601857348975595130e+01 -4.284458206391725810e+00 0.000000000000000000e+00
1.500000000000000000e+01 5.000000000000000000e-01 4.603418948861959592e+01 -4.284458206391725810e+00 0.000000000000000000e+00
1.500000000000000000e+01 2.000000000000000000e+00 1.719486780387474312e+01 -4.284458206391725810e+00 0.000000000000000000e+00
1.500000000000000000e+01 4.000000000000000000e+00 4.427445740522190754e+00 -4.284458206391725810e+00 0.000000000000000000e+00
1.600000000000000000e+01 0.000000000000000000e+00 7.379776377855793612e+01 -7.674981690721850214e+00 1.000000000000000000e+00
1.600000000000000000e+01 5.000000000000000000e-01 2.255215932114028732e+01 -7.674981690721850214e+00 1.000000000000000000e+00
1.600000000000000000e+01 2.000000000000000000e+00 6.288626421340651751e-01 -7.674981690721850214e+00 1.000000000000000000e+00
1.600000000000000000e+01 4.000000000000000000e+00 5.901275604472420132e-03 -7.674981690721850214e+00 1.000000000000000000e+00
1.700000000000000000e+01 0.000000000000000000e+00 1.923040673464535288e+01 -5.564289714553403599e+00 0.000000000000000000e+00
1.700000000000000000e+01 5.000000000000000000e-01 1.394779955996804865e+01 -5.564289714553403599e+00 0.000000000000000000e+00
1.700000000000000000e+01 2.000000000000000000e+00 4.024720269006132334e+00 -5.564289714553403599e+00 0.000000000000000000e+00
1.700000000000000000e+01 4.000000000000000000e+00 8.867030633130265072e-01 -5.564289714553403599e+00 0.000000000000000000e+00
1.800000000000000000e+01 0.000000000000000000e+00 4.111767841129905321e+01 -6.973258695035340793e+00 1.000000000000000000e+00
1.800000000000000000e+01 5.000000000000000000e-01 1.544552307580677919e+01 -6.973258695035340793e+00 1.000000000000000000e+00
1.800000000000000000e+01 2.000000000000000000e+00 7.783217833866858948e-01 -6.973258695035340793e+00 1.000000000000000000e+00
1.800000000000000000e+01 4.000000000000000000e+00 1.354482786184567703e-02 -6.973258695035340793e+00 1.000000000000000000e+00
1.900000000000000000e+01 0.000000000000000000e+00 2.687970162734069390e+01 -3.689822449257462722e+00 1.000000000000000000e+00
1.900000000000000000e+01 5.000000000000000000e-01 1.193197304243007295e+01 -3.689822449257462722e+00 1.000000000000000000e+00
1.900000000000000000e+01 2.000000000000000000e+00 9.752345570069053116e-01 -3.689822449257462722e+00 1.000000000000000000e+00
1.900000000000000000e+01 4.000000000000000000e+00 4.064313617648911831e-02 -3.689822449257462722e+00 1.000000000000000000e+00
2.000000000000000000e+01 0.000000000000000000e+00 7.196708364782308465e+00 5.213493884161593428e+00 0.000000000000000000e+00
2.000000000000000000e+01 5.000000000000000000e-01 5.353821503301531060e+00 5.213493884161593428e+00 0.000000000000000000e+00
2.000000000000000000e+01 2.000000000000000000e+00 1.985229616162135446e+00 5.213493884161593428e+00 0.000000000000000000e+00
2.000000000000000000e+01 4.000000000000000000e+00 5.310420197262398778e-01 5.213493884161593428e+00 0.000000000000000000e+00
2.100000000000000000e+01 0.000000000000000000e+00 3.499904995045106659e+00 6.177306581669654406e+00 0.000000000000000000e+00
2.100000000000000000e+01 5.000000000000000000e-01 2.130599756921817356e+00 6.177306581669654406e+00 0.000000000000000000e+00
2.100000000000000000e+01 2.000000000000000000e+00 3.895475619835541137e-01 6.177306581669654406e+00 0.000000000000000000e+00
2.100000000000000000e+01 4.000000000000000000e+00 4.249539462801492362e-02 6.177306581669654406e+00 0.000000000000000000e+00
2.200000000000000000e+01 0.000000000000000000e+00 6.620374814387228746e+00 1.314448130472385401e-01 1.000000000000000000e+00
2.200000000000000000e+01 5.000000000000000000e-01 1.898871152740098101e+00 1.314448130472385401e-01 1.000000000000000000e+00
2.200000000000000000e+01 2.000000000000000000e+00 5.351499887320943644e-02 1.314448130472385401e-01 1.000000000000000000e+00
2.200000000000000000e+01 4.000000000000000000e+00 4.847473088838933969e-04 1.314448130472385401e-01 1.000000000000000000e+00
2.300000000000000000e+01 0.000000000000000000e+00 9.074962701307196511e+00 5.484958080110899914e-01 0.000000000000000000e+00
2.300000000000000000e+01 5.000000000000000000e-01 6.149435590714160682e+00 5.484958080110899914e-01 0.000000000000000000e+00
2.300000000000000000e+01 2.000000000000000000e+00 2.250458737152044808e+00 5.484958080110899914e-01 0.000000000000000000e+00
2.300000000000000000e+01 4.000000000000000000e+00 5.696200371558670650e-01 5.484958080110899914e-01 0.000000000000000000e+00
2.400000000000000000e+01 0.000000000000000000e+00 2.871439294687100130e+00 8.076173690465111576e+00 1.000000000000000000e+00
2.400000000000000000e+01 5.000000000000000000e-01 1.227181351331748660e+00 8.076173690465111576e+00 1.000000000000000000e+00
2.400000000000000000e+01 2.000000000000000000e+00 9.142418644576300046e-02 8.076173690465111576e+00 1.000000000000000000e+00
2.400000000000000000e+01 4.000000000000000000e+00 3.099429482079496447e-03 8.076173690465111576e+00 1.000000000000000000e+00
2.500000000000000000e+01 0.000000000000000000e+00 6.578208922626695987e+00 2.628521140053443617e+00 0.000000000000000000e+00
2.500000000000000000e+01 5.000000000000000000e-01 4.077187799193271900e+00 2.628521140053443617e+00 0.000000000000000000e+00
2.500000000000000000e+01 2.000000000000000000e+00 9.136582527961402134e-01 2.628521140053443617e+00 0.000000000000000000e+00
2.500000000000000000e+01 4.000000000000000000e+00 1.356667975173513896e-01 2.628521140053443617e+00 0.000000000000000000e+00
2.600000000000000000e+01 0.000000000000000000e+00 1.604293697189168810e+01 -2.287144678293131506e+00 0.000000000000000000e+00
2.600000000000000000e+01 5.000000000000000000e-01 1.035029448087728454e+01 -2.287144678293131506e+00 0.000000000000000000e+00
2.600000000000000000e+01 2.000000000000000000e+00 2.785909215815833395e+00 -2.287144678293131506e+00 0.000000000000000000e+00
2.600000000000000000e+01 4.000000000000000000e+00 4.947546499678824872e-01 -2.287144678293131506e+00 0.000000000000000000e+00
2.700000000000000000e+01 0.000000000000000000e+00 2.234259684556582570e+01 -2.887450820021008724e+00 1.000000000000000000e+00
2.700000000000000000e+01 5.000000000000000000e-01 5.874345083169044912e+00 -2.887450820021008724e+00 1.000000000000000000e+00
2.700000000000000000e+01 2.000000000000000000e+00 1.318162536933546736e-01 -2.887450820021008724e+00 1.000000000000000000e+00
2.700000000000000000e+01 4.000000000000000000e+00 7.161068653842822367e-04 -2.887450820021008724e+00 1.000000000000000000e+00
2.800000000000000000e+01 0.000000000000000000e+00 3.147835830066500051e+01 -6.724516009949610407e-02 0.000000000000000000e+00
2.800000000000000000e+01 5.000000000000000000e-01 1.744553730114076728e+01 -6.724516009949610407e-02 0.000000000000000000e+00
2.800000000000000000e+01 2.000000000000000000e+00 3.717727119161504223e+00 -6.724516009949610407e-02 0.000000000000000000e+00
2.800000000000000000e+01 4.000000000000000000e+00 4.616734054053516223e-01 -6.724516009949610407e-02 0.000000000000000000e+00
2.900000000000000000e+01 0.000000000000000000e+00 1.314816150369806103e+01 -1.307576358508910630e+00 0.000000000000000000e+00
2.900000000000000000e+01 5.000000000000000000e-01 8.881136330788017119e+00 -1.307576358508910630e+00 0.000000000000000000e+00
2.900000000000000000e+01 2.000000000000000000e+00 2.609648928567508186e+00 -1.307576358508910630e+00 0.000000000000000000e+00
2.900000000000000000e+01 4.000000000000000000e+00 5.210335692181359279e-01 -1.307576358508910630e+00 0.000000000000000000e+00
3.000000000000000000e+01 0.000000000000000000e+00 2.890705963423374669e+01 -8.123414092934552855e+00 0.000000000000000000e+00
3.000000000000000000e+01 5.000000000000000000e-01 1.762701016964898315e+01 -8.123414092934552855e+00 0.000000000000000000e+00
3.000000000000000000e+01 2.000000000000000000e+00 5.301869602959536465e+00 -8.123414092934552855e+00 0.000000000000000000e+00
3.000000000000000000e+01 4.000000000000000000e+00 9.104684217198794061e-01 -8.123414092934552855e+00 0.000000000000000000e+00
3.100000000000000000e+01 0.000000000000000000e+00 4.448086073741729152e+00 -2.618013693277198684e+00 0.000000000000000000e+00
3.100000000000000000e+01 5.000000000000000000e-01 2.768222052308306758e+00 -2.618013693277198684e+00 0.000000000000000000e+00
3.100000000000000000e+01 2.000000000000000000e+00 8.115364673365683679e-01 -2.618013693277198684e+00 0.000000000000000000e+00
3.100000000000000000e+01 4.000000000000000000e+00 1.395876700650681146e-01 -2.618013693277198684e+00 0.000000000000000000e+00
3.200000000000000000e+01 0.000000000000000000e+00 3.029989020510664943e+01 -5.939172089475860616e+00 1.000000000000000000e+00
3.200000000000000000e+01 5.000000000000000000e-01 1.465905485358809734e+01 -5.939172089475860616e+00 1.000000000000000000e+00
3.200000000000000000e+01 2.000000000000000000e+00 1.873862808786734835e+00 -5.939172089475860616e+00 1.000000000000000000e+00
3.200000000000000000e+01 4.000000000000000000e+00 1.084901937735103239e-01 -5.939172089475860616e+00 1.000000000000000000e+00
3.300000000000000000e+01 0.000000000000000000e+00 3.022205140760005460e+00 4.433467653768005334e+00 1.000000000000000000e+00
3.300000000000000000e+01 5.000000000000000000e-01 3.805182141553870023e-01 4.433467653768005334e+00 1.000000000000000000e+00
3.300000000000000000e+01 2.000000000000000000e+00 7.190900548646754400e-04 4.433467653768005334e+00 1.000000000000000000e+00
3.300000000000000000e+01 4.000000000000000000e+00 1.686774885156961500e-07 4.433467653768005334e+00 1.000000000000000000e+00
3.400000000000000000e+01 0.000000000000000000e+00 4.691541636407434623e+01 -6.844625813549718885e+00 1.000000000000000000e+00
3.400000000000000000e+01 5.000000000000000000e-01 1.299026911759866465e+01 -6.844625813549718885e+00 1.000000000000000000e+00
3.400000000000000000e+01 2.000000000000000000e+00 3.297563580080037915e-01 -6.844625813549718885e+00 1.000000000000000000e+00
3.400000000000000000e+01 4.000000000000000000e+00 2.387589451416157350e-03 -6.844625813549718885e+00 1.000000000000000000e+00
3.500000000000000000e+01 0.000000000000000000e+00 2.209736657571520624e+01 -1.959336540347173639e+00 1.000000000000000000e+00
3.500000000000000000e+01 5.000000000000000000e-01 1.322980149055030274e+01 -1.959336540347173639e+00 1.000000000000000000e+00
3.500000000000000000e+01 2.000000000000000000e+00 2.456867777633484184e+00 -1.959336540347173639e+00 1.000000000000000000e+00
3.500000000000000000e+01 4.000000000000000000e+00 2.503883309523740053e-01 -1.959336540347173639e+00 1.000000000000000000e+00
3.600000000000000000e+01 0.000000000000000000e+00 2.043638454219568601e+01 -5.522026710398193927e+00 1.000000000000000000e+00
3.600000000000000000e+01 5.000000000000000000e-01 1.016366600581756785e+01 -5.522026710398193927e+00 1.000000000000000000e+00
3.600000000000000000e+01 2.000000000000000000e+00 9.602249987234776629e-01 -5.522026710398193927e+00 1.000000000000000000e+00
3.600000000000000000e+01 4.000000000000000000e+00 4.313261613707922854e-02 -5.522026710398193927e+00 1.000000000000000000e+00
3.700000000000000000e+01 0.000000000000000000e+00 3.341418127465182852e+00 4.916385194825252825e+00 0.000000000000000000e+00
3.700000000000000000e+01 5.000000000000000000e-01 2.677581265763299356e+00 4.916385194825252825e+00 0.000000000000000000e+00
3.700000000000000000e+01 2.000000000000000000e+00 1.292811543341915170e+00 4.916385194825252825e+00 0.000000000000000000e+00
3.700000000000000000e+01 4.000000000000000000e+00 4.818335049280497162e-01 4.916385194825252825e+00 0.000000000000000000e+00
3.800000000000000000e+01 0.000000000000000000e+00 2.197323034062767277e+01 2.131314465984047501e+00 1.000000000000000000e+00
3.800000000000000000e+01 5.000000000000000000e-01 6.782867910108286935e+00 2.131314465984047501e+00 1.000000000000000000e+00
3.800000000000000000e+01 2.000000000000000000e+00 2.605465963989594957e-01 2.131314465984047501e+00 1.000000000000000000e+00
3.800000000000000000e+01 4.000000000000000000e+00 3.003696843588376814e-03 2.131314465984047501e+00 1.000000000000000000e+00
3.900000000000000000e+01 0.000000000000000000e+00 1.940152536753258383e+00 7.793542409526068582e+00 0.000000000000000000e+00
3.900000000000000000e+01 5.000000000000000000e-01 8.725437346708764252e-01 7.793542409526068582e+00 0.000000000000000000e+00
3.900000000000000000e+01 2.000000000000000000e+00 9.347485458679404002e-02 7.793542409526068582e+00 0.000000000000000000e+00
3.900000000000000000e+01 4.000000000000000000e+00 4.602212963690811669e-03 7.793542409526068582e+00 0.000000000000000000e+00
4.000000000000000000e+01 0.000000000000000000e+00 6.161792495186728047e+01 -5.158850716827231508e+00 1.000000000000000000e+00
4.000000000000000000e+01 5.000000000000000000e-01 1.784359098881254369e+01 -5.158850716827231508e+00 1.000000000000000000e+00
4.000000000000000000e+01 2.000000000000000000e+00 4.164132142990452645e-01 -5.158850716827231508e+00 1.000000000000000000e+00
4.000000000000000000e+01 4.000000000000000000e+00 2.943606698225300147e-03 -5.158850716827231508e+00 1.000000000000000000e+00
